0 0.35520833333333335 0.31157407407407406 0.11354166666666667 0.20092592592592592
0 0.8651041666666667 0.16018518518518518 0.1 0.12222222222222222
0 0.8286458333333333 0.662962962962963 0.10625 0.16111111111111112
0 0.6463541666666667 0.587037037037037 0.10104166666666667 0.14444444444444443
0 0.26927083333333335 0.5064814814814815 0.10208333333333333 0.16111111111111112
0 0.40234375 0.5333333333333333 0.049479166666666664 0.0962962962962963
0 0.6078125 0.17037037037037037 0.09583333333333334 0.11851851851851852
0 0.5833333333333334 0.7351851851851852 0.04375 0.1
0 0.34739583333333335 0.9333333333333333 0.059375 0.10555555555555556
0 0.08098958333333334 0.5805555555555556 0.0515625 0.1037037037037037
