0 0.20885416666666667 0.5967592592592592 0.09375 0.13425925925925927
0 0.7244791666666667 0.9055555555555556 0.09895833333333333 0.15
0 0.16380208333333332 0.8314814814814815 0.043229166666666666 0.08888888888888889
0 0.5630208333333333 0.375 0.103125 0.1685185185185185
0 0.19947916666666668 0.4648148148148148 0.0375 0.08703703703703704
0 0.6057291666666667 0.10925925925925926 0.040625 0.08703703703703704
0 0.6989583333333333 0.45092592592592595 0.09375 0.1388888888888889
0 0.4395833333333333 0.9004629629629629 0.09270833333333334 0.13240740740740742
0 0.8265625 0.3439814814814815 0.09375 0.13425925925925927
0 0.09765625 0.38981481481481484 0.05572916666666667 0.1
0 0.14088541666666668 0.22037037037037038 0.03177083333333333 0.08518518518518518
