0 0.7244791666666667 0.7189814814814814 0.10104166666666667 0.15833333333333333
0 0.7072916666666667 0.2851851851851852 0.0875 0.12222222222222222
0 0.35052083333333334 0.7180555555555556 0.096875 0.14537037037037037
0 0.8776041666666666 0.4597222222222222 0.09270833333333334 0.12685185185185185
0 0.4708333333333333 0.21203703703703702 0.08958333333333333 0.12777777777777777
0 0.32760416666666664 0.5560185185185185 0.084375 0.11018518518518519
0 0.809375 0.9092592592592592 0.05520833333333333 0.09814814814814815
0 0.5114583333333333 0.6138888888888889 0.04583333333333333 0.09074074074074075
0 0.0796875 0.23703703703703705 0.08854166666666667 0.15555555555555556
0 0.0953125 0.8240740740740741 0.04583333333333333 0.08518518518518518
0 0.27447916666666666 0.2412037037037037 0.090625 0.1287037037037037
