0 0.6190104166666667 0.8777777777777778 0.05677083333333333 0.10185185185185185
0 0.60625 0.07916666666666666 0.08541666666666667 0.13055555555555556
0 0.37473958333333335 0.7462962962962963 0.0421875 0.09444444444444444
0 0.24166666666666667 0.36203703703703705 0.08645833333333333 0.08888888888888889
0 0.28802083333333334 0.5842592592592593 0.08854166666666667 0.12407407407407407
0 0.7354166666666667 0.8625 0.08645833333333333 0.1527777777777778
0 0.5213541666666667 0.30925925925925923 0.096875 0.14629629629629629
0 0.1796875 0.11342592592592593 0.08541666666666667 0.11388888888888889
0 0.9346354166666667 0.937037037037037 0.04114583333333333 0.08703703703703704
0 0.8291666666666667 0.12916666666666668 0.09375 0.13425925925925927
0 0.7994791666666666 0.5212962962962963 0.046875 0.09444444444444444
