0 0.3734375 0.2777777777777778 0.09583333333333334 0.13148148148148148
0 0.4861979166666667 0.787962962962963 0.05260416666666667 0.10925925925925926
0 0.3377604166666667 0.8166666666666667 0.05260416666666667 0.10740740740740741
0 0.459375 0.18518518518518517 0.052083333333333336 0.10740740740740741
0 0.8671875 0.11666666666666667 0.103125 0.15185185185185185
0 0.06510416666666667 0.6185185185185185 0.1 0.1425925925925926
0 0.15364583333333334 0.4375 0.09479166666666666 0.1175925925925926
0 0.9369791666666667 0.33055555555555555 0.10208333333333333 0.15185185185185185
0 0.9447916666666667 0.7643518518518518 0.10104166666666667 0.16018518518518518
0 0.2453125 0.6324074074074074 0.040625 0.0962962962962963
