0 0.9567708333333333 0.9449074074074074 0.030208333333333334 0.0787037037037037
0 0.046614583333333334 0.2912037037037037 0.07760416666666667 0.10462962962962963
0 0.74140625 0.6569444444444444 0.08802083333333334 0.13796296296296295
0 0.13255208333333332 0.5486111111111112 0.0859375 0.12685185185185185
0 0.19401041666666666 0.8537037037037037 0.08697916666666666 0.12777777777777777
0 0.10234375 0.774074074074074 0.09635416666666667 0.17037037037037037
0 0.33619791666666665 0.6236111111111111 0.07760416666666667 0.10462962962962963
0 0.8596354166666667 0.12685185185185185 0.09010416666666667 0.15555555555555556
0 0.6356770833333333 0.562037037037037 0.0890625 0.13518518518518519
0 0.75859375 0.9254629629629629 0.0890625 0.13055555555555556
0 0.8802083333333334 0.9004629629629629 0.03333333333333333 0.0787037037037037
0 0.7997395833333333 0.4689814814814815 0.09322916666666667 0.16018518518518518
