0 0.9072916666666667 0.49537037037037035 0.10416666666666667 0.1537037037037037
0 0.1234375 0.7157407407407408 0.10729166666666666 0.16296296296296298
0 0.8015625 0.799537037037037 0.10729166666666666 0.1638888888888889
0 0.8893229166666666 0.8518518518518519 0.0546875 0.10740740740740741
0 0.35520833333333335 0.36944444444444446 0.10416666666666667 0.1537037037037037
0 0.05234375 0.41388888888888886 0.06302083333333333 0.11296296296296296
0 0.6651041666666667 0.4356481481481482 0.10729166666666666 0.1824074074074074
0 0.165625 0.1685185185185185 0.10104166666666667 0.14444444444444443
0 0.3640625 0.5166666666666667 0.096875 0.14074074074074075
0 0.5122395833333333 0.8074074074074075 0.06197916666666667 0.11481481481481481
