0 0.5619791666666667 0.2912037037037037 0.09895833333333333 0.14907407407407408
0 0.7192708333333333 0.36712962962962964 0.08541666666666667 0.11388888888888889
0 0.6950520833333333 0.65 0.0421875 0.08703703703703704
0 0.8770833333333333 0.6032407407407407 0.0875 0.12129629629629629
0 0.8802083333333334 0.3125 0.090625 0.1287037037037037
0 0.8604166666666667 0.10462962962962963 0.052083333333333336 0.09259259259259259
0 0.6692708333333334 0.06574074074074074 0.053125 0.10185185185185185
0 0.5119791666666667 0.5972222222222222 0.09479166666666666 0.14814814814814814
0 0.10729166666666666 0.6958333333333333 0.09895833333333333 0.14907407407407408
0 0.78515625 0.4166666666666667 0.04114583333333333 0.08888888888888889
0 0.9104166666666667 0.9046296296296297 0.0875 0.12037037037037036
