0 0.5098958333333333 0.38287037037037036 0.08333333333333333 0.11018518518518519
0 0.8638020833333333 0.7481481481481481 0.043229166666666666 0.09074074074074075
0 0.6927083333333334 0.6699074074074074 0.09270833333333334 0.13240740740740742
0 0.24791666666666667 0.5689814814814815 0.09375 0.16203703703703703
0 0.6591145833333333 0.8675925925925926 0.04739583333333333 0.08703703703703704
0 0.559375 0.22037037037037038 0.08958333333333333 0.11666666666666667
0 0.7666666666666667 0.8 0.09270833333333334 0.1259259259259259
0 0.41822916666666665 0.6476851851851851 0.0875 0.12129629629629629
0 0.075 0.5453703703703704 0.04583333333333333 0.09259259259259259
0 0.43515625 0.362962962962963 0.0421875 0.09444444444444444
0 0.7822916666666667 0.4888888888888889 0.0875 0.09444444444444444
