0 0.49166666666666664 0.6171296296296296 0.03229166666666667 0.0824074074074074
0 0.6388020833333333 0.2569444444444444 0.07864583333333333 0.11018518518518519
0 0.4669270833333333 0.3277777777777778 0.0890625 0.13518518518518519
0 0.6106770833333334 0.38101851851851853 0.0859375 0.12314814814814815
0 0.8252604166666667 0.20046296296296295 0.07760416666666667 0.10462962962962963
0 0.2950520833333333 0.47453703703703703 0.04635416666666667 0.09166666666666666
0 0.80078125 0.07175925925925926 0.09114583333333333 0.1398148148148148
0 0.8450520833333334 0.6282407407407408 0.04739583333333333 0.08981481481481482
0 0.8856770833333333 0.43287037037037035 0.08489583333333334 0.12314814814814815
0 0.95546875 0.9291666666666667 0.07864583333333333 0.10648148148148148
0 0.7450520833333333 0.3087962962962963 0.08072916666666667 0.10092592592592593
0 0.09713541666666667 0.1699074074074074 0.04010416666666667 0.08796296296296297
