0 0.14895833333333333 0.33055555555555555 0.04375 0.10185185185185185
0 0.7744791666666667 0.24444444444444444 0.053125 0.10925925925925926
0 0.1640625 0.1398148148148148 0.1 0.1425925925925926
0 0.4322916666666667 0.25416666666666665 0.09479166666666666 0.13055555555555556
0 0.6505208333333333 0.6222222222222222 0.09270833333333334 0.12407407407407407
0 0.5984375 0.15092592592592594 0.10833333333333334 0.16666666666666666
0 0.396875 0.7476851851851852 0.103125 0.14537037037037037
0 0.9020833333333333 0.9032407407407408 0.10520833333333333 0.16203703703703703
0 0.26666666666666666 0.4685185185185185 0.09479166666666666 0.12962962962962962
0 0.9244791666666666 0.5537037037037037 0.10625 0.16111111111111112
