0 0.8263020833333333 0.3074074074074074 0.0828125 0.11666666666666667
0 0.9111979166666667 0.350462962962963 0.033854166666666664 0.08055555555555556
0 0.9341145833333333 0.5291666666666667 0.08385416666666666 0.11944444444444445
0 0.246875 0.08935185185185185 0.051041666666666666 0.09351851851851851
0 0.6127604166666667 0.9310185185185185 0.04114583333333333 0.08796296296296297
0 0.24505208333333334 0.7175925925925926 0.09739583333333333 0.17222222222222222
0 0.9364583333333333 0.26064814814814813 0.04479166666666667 0.09166666666666666
0 0.6893229166666667 0.8680555555555556 0.09635416666666667 0.1675925925925926
0 0.21901041666666668 0.39305555555555555 0.0796875 0.11944444444444445
0 0.5731770833333333 0.5106481481481482 0.09427083333333333 0.15648148148148147
0 0.4856770833333333 0.912962962962963 0.09427083333333333 0.16666666666666666
0 0.7822916666666667 0.4337962962962963 0.035416666666666666 0.0787037037037037
