0 0.8453125 0.27824074074074073 0.0875 0.11944444444444445
0 0.31875 0.5337962962962963 0.08854166666666667 0.11388888888888889
0 0.050520833333333334 0.23935185185185184 0.090625 0.13055555555555556
0 0.94375 0.5074074074074074 0.04375 0.09259259259259259
0 0.228125 0.6273148148148148 0.0875 0.11944444444444445
0 0.6994791666666667 0.3861111111111111 0.08645833333333333 0.11666666666666667
0 0.33541666666666664 0.23703703703703705 0.08958333333333333 0.11481481481481481
0 0.1875 0.1587962962962963 0.09479166666666666 0.1398148148148148
0 0.5666666666666667 0.5486111111111112 0.1 0.16203703703703703
0 0.5411458333333333 0.3125 0.1 0.1527777777777778
0 0.8895833333333333 0.6898148148148148 0.09270833333333334 0.1388888888888889
