0 0.25338541666666664 0.2740740740740741 0.050520833333333334 0.0962962962962963
0 0.3859375 0.5101851851851852 0.040625 0.0962962962962963
0 0.06979166666666667 0.12314814814814815 0.11458333333333333 0.19814814814814816
0 0.12291666666666666 0.6180555555555556 0.11458333333333333 0.19907407407407407
0 0.37890625 0.37037037037037035 0.0578125 0.1037037037037037
0 0.5817708333333333 0.6185185185185185 0.10729166666666666 0.1648148148148148
0 0.8317708333333333 0.9157407407407407 0.10729166666666666 0.16296296296296298
0 0.4005208333333333 0.7305555555555555 0.04583333333333333 0.09444444444444444
0 0.8348958333333333 0.6615740740740741 0.10520833333333333 0.15462962962962962
0 0.6432291666666666 0.24814814814814815 0.040625 0.0962962962962963
