0 0.21875 0.6666666666666666 0.10104166666666667 0.1648148148148148
0 0.86875 0.1935185185185185 0.09583333333333334 0.13518518518518519
0 0.7359375 0.5953703703703703 0.0875 0.13333333333333333
0 0.7151041666666667 0.9555555555555556 0.0375 0.08888888888888889
0 0.5895833333333333 0.19305555555555556 0.090625 0.13240740740740742
0 0.884375 0.4976851851851852 0.090625 0.12685185185185185
0 0.09114583333333333 0.4847222222222222 0.096875 0.14722222222222223
0 0.34713541666666664 0.9194444444444444 0.049479166666666664 0.1
0 0.33697916666666666 0.1962962962962963 0.09166666666666666 0.13148148148148148
0 0.7932291666666667 0.8736111111111111 0.08645833333333333 0.11574074074074074
0 0.19375 0.36203703703703705 0.090625 0.1037037037037037
