0 0.04140625 0.7194444444444444 0.0515625 0.09259259259259259
0 0.40546875 0.21851851851851853 0.04739583333333333 0.08703703703703704
0 0.6635416666666667 0.13935185185185187 0.1 0.1527777777777778
0 0.12421875 0.6111111111111112 0.04114583333333333 0.09444444444444444
0 0.15416666666666667 0.9125 0.09166666666666666 0.16203703703703703
0 0.4661458333333333 0.8064814814814815 0.03333333333333333 0.08333333333333333
0 0.15625 0.4125 0.10416666666666667 0.18425925925925926
0 0.5760416666666667 0.49722222222222223 0.0875 0.12222222222222222
0 0.778125 0.7032407407407407 0.0875 0.14722222222222223
0 0.5526041666666667 0.7449074074074075 0.09166666666666666 0.13055555555555556
0 0.021614583333333333 0.5953703703703703 0.04114583333333333 0.08888888888888889
