0 0.2609375 0.8337962962962963 0.051041666666666666 0.09537037037037037
0 0.34401041666666665 0.4393518518518518 0.044270833333333336 0.08981481481481482
0 0.3307291666666667 0.6699074074074074 0.041666666666666664 0.08981481481481482
0 0.7580729166666667 0.3490740740740741 0.09739583333333333 0.1685185185185185
0 0.5096354166666667 0.8944444444444445 0.07864583333333333 0.1037037037037037
0 0.47161458333333334 0.5995370370370371 0.09010416666666667 0.13240740740740742
0 0.5591145833333333 0.26481481481481484 0.07864583333333333 0.10740740740740741
0 0.6552083333333333 0.20787037037037037 0.042708333333333334 0.08796296296296297
0 0.9166666666666666 0.8199074074074074 0.04583333333333333 0.08981481481481482
0 0.44609375 0.46944444444444444 0.07760416666666667 0.10555555555555556
0 0.19270833333333334 0.3699074074074074 0.04375 0.08796296296296297
0 0.18567708333333333 0.5708333333333333 0.049479166666666664 0.09166666666666666
