0 0.6447916666666667 0.2972222222222222 0.09583333333333334 0.13148148148148148
0 0.8416666666666667 0.4185185185185185 0.09791666666666667 0.13703703703703704
0 0.053125 0.9157407407407407 0.10208333333333333 0.15
0 0.14635416666666667 0.4824074074074074 0.0375 0.0962962962962963
0 0.5494791666666666 0.46111111111111114 0.09270833333333334 0.12407407407407407
0 0.7572916666666667 0.8175925925925925 0.10729166666666666 0.16296296296296298
0 0.94375 0.8384259259259259 0.09375 0.11944444444444445
0 0.9369791666666667 0.24166666666666667 0.04791666666666667 0.10555555555555556
0 0.2630208333333333 0.7375 0.103125 0.17685185185185184
0 0.4869791666666667 0.6050925925925926 0.10729166666666666 0.1638888888888889
