0 0.22317708333333333 0.8625 0.0765625 0.08981481481481482
0 0.5763020833333333 0.46111111111111114 0.08697916666666666 0.12777777777777777
0 0.8190104166666666 0.362962962962963 0.0890625 0.13333333333333333
0 0.8341145833333333 0.22777777777777777 0.0859375 0.12407407407407407
0 0.29609375 0.7564814814814815 0.08072916666666667 0.1111111111111111
0 0.14166666666666666 0.8217592592592593 0.036458333333333336 0.08611111111111111
0 0.5158854166666667 0.7226851851851852 0.0890625 0.14166666666666666
0 0.04348958333333333 0.16620370370370371 0.07864583333333333 0.10648148148148148
0 0.70546875 0.4546296296296296 0.0890625 0.13148148148148148
0 0.2171875 0.6893518518518519 0.046875 0.08425925925925926
0 0.22057291666666667 0.2763888888888889 0.0796875 0.10833333333333334
0 0.25338541666666664 0.0625 0.08177083333333333 0.11388888888888889
