0 0.7083333333333334 0.47685185185185186 0.10520833333333333 0.15185185185185185
0 0.5846354166666666 0.5990740740740741 0.0453125 0.1
0 0.15885416666666666 0.4351851851851852 0.10729166666666666 0.1648148148148148
0 0.46015625 0.6638888888888889 0.0390625 0.0962962962962963
0 0.6666666666666666 0.7435185185185185 0.10625 0.16111111111111112
0 0.7119791666666667 0.10648148148148148 0.09375 0.12777777777777777
0 0.5596354166666667 0.42592592592592593 0.0578125 0.1111111111111111
0 0.4583333333333333 0.8245370370370371 0.1 0.17685185185185184
0 0.91953125 0.475 0.058854166666666666 0.10925925925925926
0 0.3484375 0.8944444444444445 0.10833333333333334 0.16666666666666666
