0 0.8986979166666667 0.7615740740740741 0.0859375 0.1361111111111111
0 0.5565104166666667 0.6356481481481482 0.08385416666666666 0.1175925925925926
0 0.06979166666666667 0.2310185185185185 0.042708333333333334 0.08981481481481482
0 0.27682291666666664 0.4199074074074074 0.0796875 0.13240740740740742
0 0.5841145833333333 0.3388888888888889 0.0921875 0.15925925925925927
0 0.5765625 0.8476851851851852 0.0375 0.08055555555555556
0 0.05026041666666667 0.36666666666666664 0.08489583333333334 0.11666666666666667
0 0.8908854166666667 0.3236111111111111 0.0796875 0.09722222222222222
0 0.3541666666666667 0.23472222222222222 0.03125 0.08055555555555556
0 0.87734375 0.1449074074074074 0.0796875 0.12129629629629629
0 0.07473958333333333 0.8513888888888889 0.09114583333333333 0.1398148148148148
0 0.60703125 0.07546296296296297 0.09010416666666667 0.1361111111111111
