0 0.38515625 0.6407407407407407 0.0859375 0.12407407407407407
0 0.09661458333333334 0.6050925925925926 0.034895833333333334 0.08425925925925926
0 0.31588541666666664 0.15138888888888888 0.050520833333333334 0.09537037037037037
0 0.29244791666666664 0.7439814814814815 0.0921875 0.15092592592592594
0 0.83828125 0.9194444444444444 0.09010416666666667 0.13703703703703704
0 0.13984375 0.7472222222222222 0.08072916666666667 0.09814814814814815
0 0.8388020833333333 0.31805555555555554 0.09010416666666667 0.13796296296296295
0 0.446875 0.09398148148148149 0.030208333333333334 0.0824074074074074
0 0.12916666666666668 0.9032407407407408 0.04583333333333333 0.08981481481481482
0 0.18151041666666667 0.0587962962962963 0.04114583333333333 0.08796296296296297
0 0.15182291666666667 0.32083333333333336 0.0796875 0.09722222222222222
0 0.19166666666666668 0.43287037037037035 0.04791666666666667 0.09351851851851851
