0 0.15989583333333332 0.3365740740740741 0.090625 0.15092592592592594
0 0.5158854166666667 0.6259259259259259 0.0609375 0.11296296296296296
0 0.421875 0.7027777777777777 0.052083333333333336 0.09259259259259259
0 0.32708333333333334 0.3388888888888889 0.103125 0.15185185185185185
0 0.19739583333333333 0.5671296296296297 0.09895833333333333 0.14166666666666666
0 0.36692708333333335 0.512962962962963 0.04010416666666667 0.09444444444444444
0 0.8921875 0.14537037037037037 0.10416666666666667 0.1537037037037037
0 0.8604166666666667 0.42777777777777776 0.10520833333333333 0.15925925925925927
0 0.45364583333333336 0.3333333333333333 0.10208333333333333 0.15
0 0.6333333333333333 0.7787037037037037 0.09791666666666667 0.1111111111111111
