0 0.6486979166666667 0.16111111111111112 0.0546875 0.10925925925925926
0 0.45 0.7472222222222222 0.04583333333333333 0.10185185185185185
0 0.27447916666666666 0.33796296296296297 0.042708333333333334 0.09074074074074075
0 0.19010416666666666 0.6935185185185185 0.059375 0.10555555555555556
0 0.9575520833333333 0.862037037037037 0.05260416666666667 0.10925925925925926
0 0.48854166666666665 0.15833333333333333 0.10416666666666667 0.1537037037037037
0 0.1640625 0.38564814814814813 0.103125 0.1824074074074074
0 0.828125 0.22037037037037038 0.05520833333333333 0.10925925925925926
0 0.45078125 0.5537037037037037 0.059895833333333336 0.10925925925925926
0 0.7765625 0.6263888888888889 0.11458333333333333 0.19907407407407407
