0 0.32109375 0.4074074074074074 0.0859375 0.12037037037037036
0 0.32838541666666665 0.7384259259259259 0.08697916666666666 0.11944444444444445
0 0.86640625 0.3449074074074074 0.08385416666666666 0.1175925925925926
0 0.48671875 0.8578703703703704 0.03697916666666667 0.0787037037037037
0 0.7059895833333333 0.5013888888888889 0.0828125 0.11574074074074074
0 0.5481770833333334 0.4986111111111111 0.0921875 0.14166666666666666
0 0.8091145833333333 0.12916666666666668 0.08802083333333334 0.13240740740740742
0 0.41119791666666666 0.5708333333333333 0.0859375 0.1175925925925926
0 0.70859375 0.2972222222222222 0.09114583333333333 0.14074074074074075
0 0.9278645833333333 0.6939814814814815 0.09010416666666667 0.13240740740740742
0 0.5513020833333333 0.8689814814814815 0.0859375 0.1287037037037037
0 0.21640625 0.7476851851851852 0.08489583333333334 0.12129629629629629
