0 0.8338541666666667 0.6208333333333333 0.03854166666666667 0.08796296296296297
0 0.6856770833333333 0.5546296296296296 0.0890625 0.13518518518518519
0 0.40182291666666664 0.799074074074074 0.09322916666666667 0.15185185185185185
0 0.7731770833333333 0.5736111111111111 0.04635416666666667 0.09351851851851851
0 0.7716145833333333 0.39351851851851855 0.08802083333333334 0.13148148148148148
0 0.3580729166666667 0.5606481481481481 0.0421875 0.08796296296296297
0 0.65546875 0.2902777777777778 0.08072916666666667 0.08425925925925926
0 0.54375 0.6523148148148148 0.042708333333333334 0.0787037037037037
0 0.83046875 0.8856481481481482 0.0921875 0.16203703703703703
0 0.6330729166666667 0.7694444444444445 0.08697916666666666 0.12962962962962962
0 0.5559895833333334 0.46805555555555556 0.0828125 0.1398148148148148
0 0.88828125 0.5125 0.08697916666666666 0.1287037037037037
