0 0.6934895833333333 0.4736111111111111 0.08489583333333334 0.14907407407407408
0 0.4609375 0.1699074074074074 0.0375 0.08425925925925926
0 0.9106770833333333 0.4263888888888889 0.043229166666666666 0.08055555555555556
0 0.9143229166666667 0.8078703703703703 0.0390625 0.08611111111111111
0 0.3802083333333333 0.31805555555555554 0.035416666666666666 0.0787037037037037
0 0.19791666666666666 0.10601851851851851 0.03958333333333333 0.0824074074074074
0 0.8372395833333334 0.8013888888888889 0.08489583333333334 0.11388888888888889
0 0.58671875 0.287962962962963 0.0828125 0.10925925925925926
0 0.83046875 0.2574074074074074 0.08177083333333333 0.11481481481481481
0 0.7322916666666667 0.3439814814814815 0.03854166666666667 0.08425925925925926
0 0.75625 0.6458333333333334 0.03854166666666667 0.08425925925925926
0 0.07265625 0.34675925925925927 0.07864583333333333 0.10648148148148148
