0 0.5364583333333334 0.4527777777777778 0.10416666666666667 0.14629629629629629
0 0.5291666666666667 0.5981481481481481 0.1 0.1425925925925926
0 0.19635416666666666 0.5861111111111111 0.09375 0.1259259259259259
0 0.6140625 0.9351851851851852 0.057291666666666664 0.10185185185185185
0 0.528125 0.11435185185185186 0.09791666666666667 0.1361111111111111
0 0.37473958333333335 0.16296296296296298 0.043229166666666666 0.09074074074074075
0 0.05364583333333333 0.5532407407407407 0.1 0.13425925925925927
0 0.909375 0.6037037037037037 0.09791666666666667 0.1388888888888889
0 0.5166666666666667 0.31666666666666665 0.042708333333333334 0.10185185185185185
0 0.7541666666666667 0.2361111111111111 0.10104166666666667 0.13148148148148148
