0 0.14557291666666666 0.0712962962962963 0.08385416666666666 0.12037037037037036
0 0.08671875 0.09490740740740741 0.033854166666666664 0.07685185185185185
0 0.16484375 0.5967592592592592 0.08489583333333334 0.125
0 0.4778645833333333 0.41203703703703703 0.08489583333333334 0.12222222222222222
0 0.5419270833333333 0.11064814814814815 0.0859375 0.12314814814814815
0 0.8247395833333333 0.5791666666666667 0.09010416666666667 0.1398148148148148
0 0.22786458333333334 0.7541666666666667 0.08802083333333334 0.12314814814814815
0 0.5716145833333334 0.6953703703703704 0.08177083333333333 0.11481481481481481
0 0.05807291666666667 0.8546296296296296 0.0796875 0.10925925925925926
0 0.4236979166666667 0.7625 0.0390625 0.08796296296296297
0 0.40911458333333334 0.12361111111111112 0.0921875 0.14907407407407408
0 0.16822916666666668 0.3523148148148148 0.041666666666666664 0.08981481481481482
