0 0.3026041666666667 0.5601851851851852 0.096875 0.13518518518518519
0 0.6671875 0.3962962962962963 0.046875 0.0962962962962963
0 0.7682291666666666 0.8037037037037037 0.090625 0.13518518518518519
0 0.446875 0.40925925925925927 0.10729166666666666 0.1648148148148148
0 0.3416666666666667 0.34305555555555556 0.103125 0.14537037037037037
0 0.2799479166666667 0.8194444444444444 0.04739583333333333 0.09814814814814815
0 0.6213541666666667 0.1550925925925926 0.1 0.14166666666666666
0 0.9174479166666667 0.5962962962962963 0.0578125 0.1037037037037037
0 0.09713541666666667 0.9425925925925925 0.059895833333333336 0.11296296296296296
0 0.13489583333333333 0.20925925925925926 0.10833333333333334 0.18703703703703703
