0 0.6953125 0.38657407407407407 0.10625 0.15833333333333333
0 0.25885416666666666 0.575925925925926 0.09375 0.1259259259259259
0 0.0921875 0.46620370370370373 0.10833333333333334 0.18611111111111112
0 0.8932291666666666 0.8342592592592593 0.10520833333333333 0.1574074074074074
0 0.5567708333333333 0.4861111111111111 0.103125 0.15185185185185185
0 0.5161458333333333 0.7268518518518519 0.1 0.1425925925925926
0 0.27421875 0.21666666666666667 0.059895833333333336 0.11296296296296296
0 0.8916666666666667 0.43472222222222223 0.1125 0.19907407407407407
0 0.3848958333333333 0.4689814814814815 0.10729166666666666 0.1824074074074074
0 0.026041666666666668 0.08333333333333333 0.041666666666666664 0.0962962962962963
