0 0.66875 0.25092592592592594 0.10833333333333334 0.17592592592592593
0 0.9096354166666667 0.35648148148148145 0.04635416666666667 0.09814814814814815
0 0.06458333333333334 0.875 0.03854166666666667 0.09814814814814815
0 0.19322916666666667 0.10046296296296296 0.096875 0.12314814814814815
0 0.8807291666666667 0.8569444444444444 0.09895833333333333 0.13055555555555556
0 0.6036458333333333 0.6657407407407407 0.1 0.14444444444444443
0 0.553125 0.1675925925925926 0.09270833333333334 0.12962962962962962
0 0.28671875 0.5935185185185186 0.0546875 0.10185185185185185
0 0.12083333333333333 0.7129629629629629 0.09791666666666667 0.13703703703703704
0 0.93125 0.1824074074074074 0.09791666666666667 0.13703703703703704
