0 0.3375 0.2828703703703704 0.08958333333333333 0.11388888888888889
0 0.54375 0.5287037037037037 0.090625 0.12962962962962962
0 0.6572916666666667 0.2587962962962963 0.09791666666666667 0.14722222222222223
0 0.15520833333333334 0.08703703703703704 0.1 0.15555555555555556
0 0.37213541666666666 0.08055555555555556 0.04114583333333333 0.09259259259259259
0 0.20260416666666667 0.7462962962962963 0.041666666666666664 0.08703703703703704
0 0.40859375 0.30277777777777776 0.04739583333333333 0.08518518518518518
0 0.8286458333333333 0.5689814814814815 0.09166666666666666 0.16203703703703703
0 0.27760416666666665 0.48333333333333334 0.08333333333333333 0.14074074074074075
0 0.06276041666666667 0.15092592592592594 0.03177083333333333 0.08518518518518518
0 0.46197916666666666 0.6 0.04479166666666667 0.0962962962962963
