0 0.68671875 0.9166666666666666 0.0421875 0.09444444444444444
0 0.253125 0.5537037037037037 0.042708333333333334 0.09259259259259259
0 0.1171875 0.31157407407407406 0.10104166666666667 0.17314814814814813
0 0.6088541666666667 0.6532407407407408 0.09895833333333333 0.15092592592592594
0 0.07239583333333334 0.8291666666666667 0.10208333333333333 0.18055555555555555
0 0.9333333333333333 0.2949074074074074 0.090625 0.1287037037037037
0 0.625 0.3055555555555556 0.103125 0.17037037037037037
0 0.940625 0.6481481481481481 0.1 0.1537037037037037
0 0.2947916666666667 0.7662037037037037 0.08541666666666667 0.11388888888888889
0 0.42083333333333334 0.4324074074074074 0.08645833333333333 0.10740740740740741
0 0.30885416666666665 0.2037037037037037 0.0875 0.09444444444444444
