0 0.43203125 0.5222222222222223 0.043229166666666666 0.09074074074074075
0 0.42604166666666665 0.7837962962962963 0.09791666666666667 0.1675925925925926
0 0.525 0.35 0.041666666666666664 0.08888888888888889
0 0.7135416666666666 0.8694444444444445 0.05416666666666667 0.1037037037037037
0 0.6565104166666667 0.6583333333333333 0.05260416666666667 0.10185185185185185
0 0.14895833333333333 0.3921296296296296 0.09375 0.16574074074074074
0 0.6338541666666667 0.4564814814814815 0.09583333333333334 0.15185185185185185
0 0.75859375 0.20462962962962963 0.04114583333333333 0.09259259259259259
0 0.1796875 0.9004629629629629 0.08958333333333333 0.14907407407407408
0 0.9640625 0.2537037037037037 0.05 0.09814814814814815
0 0.53359375 0.4546296296296296 0.050520833333333334 0.09074074074074075
