0 0.39817708333333335 0.6467592592592593 0.09114583333333333 0.1398148148148148
0 0.7747395833333334 0.9027777777777778 0.0796875 0.10925925925925926
0 0.32786458333333335 0.20879629629629629 0.09114583333333333 0.1398148148148148
0 0.9471354166666667 0.9208333333333333 0.044270833333333336 0.08796296296296297
0 0.71796875 0.5685185185185185 0.09322916666666667 0.15185185185185185
0 0.8684895833333334 0.7976851851851852 0.0453125 0.08425925925925926
0 0.06380208333333333 0.8912037037037037 0.09114583333333333 0.1398148148148148
0 0.17161458333333332 0.11990740740740741 0.043229166666666666 0.08981481481481482
0 0.07005208333333333 0.3861111111111111 0.08385416666666666 0.11296296296296296
0 0.5067708333333333 0.5606481481481481 0.03958333333333333 0.08981481481481482
0 0.07630208333333334 0.7180555555555556 0.08385416666666666 0.11944444444444445
0 0.2734375 0.6180555555555556 0.04375 0.08796296296296297
