0 0.60546875 0.9342592592592592 0.058854166666666666 0.10925925925925926
0 0.5 0.8537037037037037 0.09583333333333334 0.10185185185185185
0 0.17135416666666667 0.5018518518518519 0.09791666666666667 0.13703703703703704
0 0.546875 0.11064814814814815 0.09791666666666667 0.1361111111111111
0 0.6658854166666667 0.6175925925925926 0.0453125 0.1
0 0.67734375 0.924074074074074 0.03802083333333333 0.09814814814814815
0 0.9453125 0.8527777777777777 0.09583333333333334 0.13148148148148148
0 0.11796875 0.2212962962962963 0.0515625 0.10185185185185185
0 0.34322916666666664 0.33611111111111114 0.09375 0.14074074074074075
0 0.034375 0.07962962962962963 0.03958333333333333 0.09814814814814815
