0 0.7572916666666667 0.49675925925925923 0.05416666666666667 0.09722222222222222
0 0.85859375 0.10138888888888889 0.08489583333333334 0.11574074074074074
0 0.16354166666666667 0.37546296296296294 0.046875 0.09166666666666666
0 0.21380208333333334 0.9337962962962963 0.0796875 0.10833333333333334
0 0.5403645833333334 0.25324074074074077 0.033854166666666664 0.0787037037037037
0 0.35598958333333336 0.5310185185185186 0.08177083333333333 0.11574074074074074
0 0.2669270833333333 0.7152777777777778 0.09322916666666667 0.14907407407407408
0 0.48932291666666666 0.4685185185185185 0.09114583333333333 0.1388888888888889
0 0.24348958333333334 0.30833333333333335 0.09322916666666667 0.15185185185185185
0 0.87734375 0.9268518518518518 0.08072916666666667 0.13703703703703704
0 0.49661458333333336 0.7597222222222222 0.08177083333333333 0.11388888888888889
0 0.06744791666666666 0.5763888888888888 0.08177083333333333 0.11388888888888889
