0 0.209375 0.7592592592592593 0.04791666666666667 0.1
0 0.8708333333333333 0.3236111111111111 0.09479166666666666 0.1398148148148148
0 0.6903645833333333 0.3194444444444444 0.0328125 0.08703703703703704
0 0.46145833333333336 0.4476851851851852 0.09479166666666666 0.1398148148148148
0 0.78359375 0.1 0.0453125 0.09259259259259259
0 0.47708333333333336 0.611574074074074 0.08541666666666667 0.15092592592592594
0 0.2484375 0.8796296296296297 0.0875 0.12222222222222222
0 0.7484375 0.48518518518518516 0.09583333333333334 0.1648148148148148
0 0.18229166666666666 0.5847222222222223 0.1 0.1527777777777778
0 0.7950520833333333 0.6351851851851852 0.034895833333333334 0.08703703703703704
0 0.3416666666666667 0.4949074074074074 0.090625 0.13055555555555556
