0 0.4513020833333333 0.14074074074074075 0.0359375 0.08888888888888889
0 0.34739583333333335 0.6981481481481482 0.09895833333333333 0.15
0 0.9395833333333333 0.6574074074074074 0.09895833333333333 0.16111111111111112
0 0.6427083333333333 0.17777777777777778 0.09895833333333333 0.15185185185185185
0 0.9333333333333333 0.27314814814814814 0.090625 0.12962962962962962
0 0.2703125 0.3907407407407407 0.041666666666666664 0.08518518518518518
0 0.7630208333333334 0.32407407407407407 0.03958333333333333 0.08333333333333333
0 0.16432291666666668 0.16018518518518518 0.04739583333333333 0.09814814814814815
0 0.11015625 0.8407407407407408 0.03802083333333333 0.08518518518518518
0 0.23489583333333333 0.7157407407407408 0.096875 0.1388888888888889
0 0.8265625 0.4689814814814815 0.09583333333333334 0.14166666666666666
